Name: Ryu My Memory
Speed: 0.8
67 1200
76 1440
71 1680
74 1920
48 1920
55 2160
72 2400
60 2400
67 2640
62 2640
64 2640
64 2760
71 3360
72 3480
79 3600
79 3840
53 3840
60 4080
67 4320
69 4560
79 5280
52 5280
77 5520
76 5640
77 5760
50 5760
57 6000
65 6240
76 6480
74 6600
77 6720
55 6720
62 6960
67 7200
76 7440
67 7680
48 7680
55 7920
60 8160
64 8400
71 8400
55 8880
64 9120
59 9360
62 9600
60 10080
50 10080
55 10320
52 10320
59 10800
60 11040
52 11040
69 11280
69 11520
52 12000
62 12060
50 12060
59 13440
65 13440
52 13680
64 13920
56 13920
62 14160
60 14400
52 14640
59 14880
57 14880
60 15120
65 15360
52 15840
53 16080
57 16320
64 16320
53 16320
56 16800
62 16800
60 17280
55 17280
50 17760
53 18000
60 18240
52 18240
55 18960
62 19200
52 19680
60 19920
55 20160
50 20880
52 21120
59 21120
64 21600
52 21600
65 21840
58 22080
67 22080
65 22320
64 22560
52 22560
60 22800
57 23040
64 23040
48 23280
55 23520
62 23760
57 24000
53 24000
61 24480
62 24720
57 24960
64 24960
48 25200
55 25440
53 25680
62 25920
57 25920
59 26400
60 26640
62 26880
52 27360
60 27600
67 27840
59 28800
67 28800
52 29040
57 29280
57 29520
58 29760
49 29760
55 29760
57 30120
57 30240
55 30480
57 30720
65 30720
52 31200
53 31440
65 31680
57 31920
57 32160
60 32400
53 32640
60 32640
62 33120
55 33600
57 33600
62 33600
55 34392
62 34632
52 35112
60 35352
55 35592
50 36312
52 36552
59 36552
64 37032
65 37272
58 37512
67 37512
65 37752
64 37992
60 38232
69 38472
71 38472
61 38952
52 38952
62 39432
50 39432
64 39912
60 39912
67 40152
65 40392
69 40872
53 40872
69 41352
50 41592
59 41832
64 42072
65 42192
67 42312
67 42792
55 42792
67 43272
57 43752
62 43992
64 44112
65 44232
65 44712
53 44712
62 44952
60 45192
62 45672
50 45672
60 46152
50 46632
52 46872
67 47592
69 47832
62 48072
71 48072
50 48312
59 48552
69 48792
72 49032
67 49272
48 49272
55 49512
65 49992
67 50232
62 50472
60 50712
64 50952
52 51432
59 51432
62 51912
57 51912
64 52152
62 52392
56 52392
59 52632
60 52872
57 52872
60 53352
55 53352
59 53512
60 53672
62 53832
69 53832
50 54312
54 54552
60 54792
69 55272
67 55632
67 55752
67 55752
60 55752
57 56232
60 56472
59 56712
55 56712
65 57192
64 57672
52 58152
55 58392
60 58632
64 58872
60 58992
69 59112
64 59352
65 59472
67 59592
48 60072
57 60312
55 60552
60 61512
69 61512
48 61752
57 61992
62 62232
67 62472
74 62472
50 62712
71 62952
59 62952
69 63192
67 63432
59 63432
62 63912
52 63912
64 64152
62 64392
64 64872
61 64872
65 64992
67 65112
67 65352
53 65832
69 66072
60 66312
48 66552
55 66792
56 66792
64 67272
48 67272
67 67512
55 67512
67 67752
71 67992
64 68232
72 68232
52 68472
60 68712
72 68952
69 69243
67 69243
54 69723
59 69963
69 69963
60 70203
69 70203
66 70203
71 70523
72 70843
74 71163
69 71163
65 71163
50 71403
57 71643
60 71883
55 72123
59 72123
72 72603
71 72843
72 73083
65 73083
50 73563
53 73803
57 74283
60 74523
62 74763
60 75003
50 75483
