Name: Shop (Toby Fox, Arr. SparklingJupiter)
Speed: 1.0
79 0
53 0
57 235
60 235
64 235
67 715
57 715
60 715
64 715
72 836
74 955
52 955
76 1195
55 1195
59 1195
62 1195
74 1435
76 1495
74 1555
72 1675
55 1675
59 1675
62 1675
71 1915
50 1915
53 2155
57 2155
59 2155
72 2395
74 2635
53 2635
57 2635
60 2635
67 2875
48 2875
52 3116
55 3116
59 3116
59 3355
62 3355
52 3595
55 3595
60 3595
79 3835
53 3835
57 4075
60 4075
64 4075
67 4560
57 4560
60 4560
64 4560
72 4675
74 4795
52 4795
76 5035
55 5035
59 5035
62 5035
74 5275
76 5335
74 5396
72 5515
55 5515
59 5515
62 5515
71 5755
50 5755
53 5995
57 5995
59 5995
72 6235
74 6475
53 6475
57 6475
60 6475
72 6715
48 6715
60 6955
64 6955
67 7195
71 7195
64 7435
69 7435
79 7676
53 7676
57 7915
60 7915
64 7915
67 8395
57 8395
60 8395
64 8395
72 8515
74 8635
52 8635
76 8875
55 8875
59 8875
62 8875
74 9115
76 9175
74 9235
72 9355
55 9355
59 9355
62 9355
71 9595
50 9595
53 9835
57 9835
59 9835
72 10075
74 10315
53 10315
57 10315
60 10315
67 10555
48 10555
52 10795
55 10795
59 10795
59 11035
62 11035
52 11275
55 11275
60 11275
79 11515
53 11515
57 11755
60 11755
64 11755
67 12235
57 12235
60 12235
64 12235
72 12355
74 12475
52 12475
76 12715
55 12715
59 12715
62 12715
74 12955
76 13015
74 13075
72 13195
55 13195
59 13195
62 13195
71 13435
50 13435
53 13675
57 13675
59 13675
72 13915
74 14155
53 14155
57 14155
60 14155
72 14395
48 14395
60 14635
64 14635
67 14875
71 14875
64 15115
69 15115
53 15355
67 15595
57 15595
60 15595
64 15595
67 15835
67 16075
57 16075
60 16075
64 16075
67 16315
53 16315
65 16555
57 16555
60 16555
64 16555
64 16796
65 17035
57 17035
60 17035
64 17035
67 17275
53 17275
55 17515
59 17515
62 17515
71 17755
55 17995
59 17995
62 17995
67 18240
53 18240
55 18475
59 18475
62 18475
55 18955
59 18955
62 18955
52 19195
67 19435
55 19435
59 19435
62 19435
67 19675
67 19915
55 19915
59 19915
62 19915
67 20155
52 20155
65 20395
55 20395
59 20395
62 20395
64 20635
65 20875
55 20875
59 20875
62 20875
64 21115
67 21115
52 21115
55 21356
57 21356
60 21356
60 21834
55 21835
57 21835
52 22075
60 22314
55 22315
57 22315
69 22800
55 22800
57 22800
60 22800
74 22915
65 23035
50 23035
76 23275
53 23275
57 23275
60 23275
76 23515
76 23755
53 23755
57 23755
60 23755
76 23995
50 23995
74 24235
53 24235
57 24235
60 24235
72 24475
69 24715
53 24715
57 24715
60 24715
52 24955
71 25195
76 25195
55 25195
59 25195
62 25195
71 25435
76 25435
71 25675
76 25675
55 25675
59 25675
62 25675
71 25916
76 25916
52 25916
69 26155
74 26155
55 26155
59 26155
62 26155
71 26395
76 26395
74 26635
79 26635
55 26635
59 26635
62 26635
76 26875
81 26875
53 26875
57 27115
60 27115
64 27115
57 27595
60 27595
64 27595
53 27835
76 28315
72 28555
67 28780
62 28780
74 28795
59 29032
55 29032
62 29260
59 29260
67 29500
62 29500
71 29740
67 29740
69 30220
65 30220
59 30220
