Name: Three Stars (By Sebastian Skaf, Arr. by Esrid Dersi)
Speed: 1.0
79 960
76 1440
48 1440
55 1680
62 1920
74 2160
64 2160
72 2400
71 2880
62 2880
72 3360
48 3600
52 3840
57 4080
59 4320
60 4560
62 4800
64 5040
65 5280
59 5280
64 5520
60 5760
60 6000
57 6536
60 6720
53 6720
64 6960
62 7200
55 7200
48 7680
50 7920
55 8160
69 8400
53 8400
67 8640
52 8640
65 8880
50 8880
64 9120
48 9120
52 9360
55 9600
65 9840
67 10080
52 10320
60 10560
52 10800
59 11040
55 11040
50 11280
57 11520
53 11520
50 11760
48 12000
50 12240
48 12480
50 12727
69 12960
50 13200
57 13440
67 13680
59 13680
65 13920
57 13920
53 14160
67 14400
59 14400
57 14640
67 14880
59 14880
55 14880
55 16080
57 16320
59 16560
60 16800
55 17040
57 17280
48 17280
59 17520
50 17520
60 17760
59 18000
60 18240
52 18240
62 18480
60 18720
67 18960
48 18960
65 19200
57 19200
64 19440
55 19440
62 19680
53 19680
65 19920
64 20160
52 20400
62 20640
60 21120
55 21120
52 21360
57 21600
59 21840
60 22080
59 22320
55 22560
52 22800
60 23040
55 23280
48 23280
57 23520
53 23520
59 23760
55 23760
60 24000
57 24000
62 24240
60 24480
72 24720
71 24960
67 25200
50 25200
65 25440
57 25440
67 25680
59 25680
62 25920
59 25920
64 26160
65 26400
64 26640
60 26880
53 26880
48 27120
53 27360
55 27600
57 27840
64 28320
65 28800
64 29040
62 29280
50 29280
69 29520
65 29520
53 29520
64 29760
67 29760
69 30000
48 30000
71 30240
67 30240
52 30240
64 30480
71 30720
64 30720
60 30720
52 30960
69 31200
57 31200
71 31440
59 31440
72 31680
69 31680
64 31680
60 31680
59 31920
64 32160
55 32160
52 32400
65 32640
64 32880
62 33120
53 33120
60 33360
59 33600
50 34080
60 34320
53 34560
60 34560
