Name: Baka Mitai (Yakuza 0, Arranged by Acronicus)
Speed: 0.5
64 0
65 120
67 240
69 360
65 480
67 600
69 720
71 840
67 960
69 1080
71 1200
72 1320
74 1440
76 1560
77 1680
79 1800
81 1920
64 2400
65 2640
76 3120
64 4080
69 4320
72 4560
76 4800
74 5040
83 5040
72 5280
81 5280
71 5520
79 5520
81 5760
74 5760
83 6000
79 6240
72 6720
71 6960
72 7320
83 7680
67 7680
79 9600
65 9600
72 9600
69 10560
81 10560
72 11520
79 12480
76 13440
66 13440
69 13440
57 13920
62 13920
50 13920
57 14400
62 14400
50 14400
58 15360
62 15360
50 15360
58 15840
62 15840
50 15840
60 16800
62 17040
64 17280
65 17520
64 17760
52 17760
55 18240
52 18720
59 19200
60 19440
64 19680
55 19680
67 20160
64 20640
64 21120
62 21360
62 21600
52 21600
55 22080
64 22560
62 22720
60 22880
62 23040
52 23520
56 24000
60 24480
59 24720
60 24960
53 25920
57 26400
59 26880
69 27360
50 27360
67 27840
59 27840
59 28320
62 28800
64 29040
64 29280
57 29760
59 30000
60 30240
62 30480
59 30720
64 30720
59 31200
67 31200
67 31680
59 31680
62 32160
64 32400
60 32640
53 33600
69 35040
50 35040
71 35520
55 35520
69 36000
59 36480
62 36480
67 36480
55 36960
59 36960
62 36960
52 37920
55 37920
60 37920
70 38880
69 38956
67 39120
69 39360
60 39840
62 40080
64 40320
65 40560
64 40800
48 41280
57 41760
60 42240
56 42240
52 42720
59 43200
52 43200
59 44160
64 44160
69 44160
57 44400
57 44640
60 46080
64 46080
69 46080
67 48000
81 48000
48 48000
69 48240
81 48240
48 48240
69 48480
81 48480
48 48480
69 48720
81 48720
48 48720
69 48960
81 48960
48 48960
57 49440
60 49440
57 49680
60 49680
48 49680
48 50640
60 50880
53 50880
69 51360
59 51840
62 51840
67 51840
59 52800
62 52800
67 52800
52 52800
64 53280
57 53520
60 53520
67 53520
64 54000
67 54240
71 54480
72 54720
67 54960
64 55200
65 55680
77 55680
50 55680
65 55920
77 55920
50 55920
65 56160
77 56160
50 56160
65 56400
77 56400
50 56400
65 56640
77 56640
50 56640
57 57120
56 57360
59 57360
60 58560
56 58560
62 59040
64 59520
57 59520
60 59520
65 59760
64 60000
62 60480
71 60480
57 60480
64 60960
72 60960
64 61440
72 61440
76 61440
69 61920
72 61920
81 61920
71 62400
74 62400
83 62400
72 62880
76 62880
53 63360
57 63360
55 63840
59 63840
53 63840
57 64080
60 64080
69 64800
59 65040
62 65040
67 65040
60 65760
59 66240
57 66720
59 67200
62 67200
69 67200
67 68160
59 68640
63 68640
67 68640
64 70080
57 70080
64 70560
64 70800
57 71040
60 71040
64 71040
65 71280
57 71520
60 71520
69 72000
50 72000
72 72960
57 73440
79 73920
59 73920
67 74400
83 74879
76 74880
64 74880
64 75360
64 75840
66 75840
69 75840
59 76800
64 76800
68 76800
64 77760
66 77760
69 77760
68 78000
71 78000
66 78240
69 78240
73 78480
54 79680
61 80160
66 80160
69 80160
61 80400
66 80400
69 80400
59 80640
64 80640
68 80640
59 81600
64 81600
69 81600
56 81600
71 82080
56 82560
59 82560
66 82560
64 82800
64 83040
49 83280
80 83520
83 83520
56 83520
73 83760
76 84000
52 84000
80 84240
78 84480
81 84480
73 84720
69 84960
49 85200
64 85440
57 85440
62 85680
61 85920
54 86160
59 86160
62 86160
50 87120
54 87360
65 87840
66 88080
59 88320
61 88320
67 88320
49 88800
54 89040
65 89280
73 89280
62 89280
68 89760
56 89760
61 90240
68 90240
71 90240
66 90480
69 90480
61 90720
66 90720
69 90720
49 90960
66 91200
69 91200
57 91200
68 92160
74 92160
78 92160
52 92880
64 93120
66 93120
69 93120
57 93120
68 93360
71 93360
66 93600
69 93600
66 93840
69 93840
73 93840
51 94560
54 94800
57 95040
66 95520
68 95760
69 96000
62 96000
65 96000
69 96480
50 96480
53 96720
71 96960
57 96960
69 97680
56 97920
59 97920
64 97920
61 98400
64 98400
71 98400
61 99360
64 99360
69 99360
76 100320
78 100560
49 100560
71 100800
54 100800
73 100876
71 101040
61 101280
69 101280
62 101520
54 101760
57 101760
64 101760
62 102000
59 102240
62 102240
69 102240
83 102599
81 102600
83 102719
81 102720
61 102720
62 103200
69 103560
81 103560
69 103680
81 103680
52 103680
64 103680
54 104160
66 104160
57 104640
69 104640
61 105120
62 105360
57 105600
59 105600
64 105600
62 105840
62 106080
68 106080
83 106439
81 106440
83 106558
81 106560
52 106560
69 107400
81 107400
69 107520
81 107520
71 108480
52 108480
69 108720
68 108960
69 109458
61 109698
57 110657
59 110896
62 111137
67 111377
69 111616
71 112097
70 112817
72 112937
74 113057
75 113177
77 113296
78 113417
79 113537
67 114016
65 114817
67 115136
61 115457
62 115533
55 115937
62 116177
70 116416
67 116416
69 116657
67 116897
65 117136
67 117377
69 117617
65 117857
60 117857
58 118337
53 118816
55 118893
53 119297
65 119776
67 119852
53 120977
68 120977
67 121097
51 121216
65 121216
67 122176
55 122176
70 123137
58 123137
77 124097
65 124097
74 125057
62 125057
48 125734
48 126214
49 127175
49 127655
50 128897
50 128973
52 129053
54 129131
57 129856
64 130095
62 130335
61 130576
62 130816
66 131055
69 131296
73 131536
74 131775
69 132016
