Name: Baka Mitai (Yakuza 0, Arranged by Acronicus)
Speed: 0.7
64 0
65 120
67 240
69 360
65 480
67 600
69 720
71 840
67 960
69 1080
71 1200
72 1320
74 1440
76 1560
77 1680
79 1800
81 1920
64 2400
65 2640
76 3120
64 4080
69 4320
72 4560
76 4800
74 5040
83 5040
72 5280
81 5280
71 5520
79 5520
81 5760
74 5760
83 6000
79 6240
72 6720
71 6960
72 7320
67 7680
83 7680
79 9600
65 9600
72 9600
69 10560
81 10560
72 11520
79 12480
76 13440
66 13440
69 13440
57 13920
62 13920
57 14400
62 14400
58 15360
62 15360
58 15840
62 15840
60 16800
62 17040
64 17280
65 17520
64 17760
52 17760
55 18240
52 18720
59 19200
60 19440
64 19680
55 19680
67 20160
64 20640
64 21120
62 21360
62 21600
52 21600
55 22080
64 22560
62 22720
60 22880
62 23040
52 23520
56 24000
60 24480
59 24720
60 24960
53 25920
57 26400
59 26880
69 27360
50 27360
67 27840
59 28320
62 28800
64 29040
64 29280
57 29760
59 30000
60 30240
62 30480
64 30720
59 31200
67 31200
67 31680
59 31680
62 32160
64 32400
60 32640
53 33600
69 35040
50 35040
71 35520
55 35520
69 36000
59 36480
62 36480
67 36480
55 36960
62 36960
52 37920
60 37920
70 38880
69 38960
67 39120
69 39360
60 39840
62 40080
64 40320
65 40560
64 40800
48 41280
57 41760
60 42240
56 42240
52 42720
59 43200
52 43200
69 44160
59 44160
57 44400
57 44640
60 46080
69 46080
69 48000
81 48000
48 48000
69 48240
81 48240
48 48240
69 48480
81 48480
48 48480
69 48720
81 48720
48 48720
69 48960
81 48960
48 48960
57 49440
60 49440
57 49680
60 49680
48 50640
60 50880
53 50880
69 51360
59 51840
67 51840
59 52800
67 52800
64 53280
60 53520
67 53520
64 54000
67 54240
71 54480
72 54720
67 54960
64 55200
65 55680
77 55680
50 55680
65 55920
77 55920
50 55920
65 56160
77 56160
50 56160
65 56400
77 56400
50 56400
65 56640
77 56640
50 56640
57 57120
56 57360
59 57360
60 58560
56 58560
62 59040
57 59520
64 59520
65 59760
64 60000
62 60480
71 60480
64 60960
72 60960
64 61440
72 61440
76 61440
69 61920
72 61920
81 61920
71 62400
83 62400
72 62880
76 62880
53 63360
57 63360
55 63840
59 63840
57 64080
60 64080
69 64800
59 65040
67 65040
60 65760
59 66240
57 66720
62 67200
69 67200
67 68160
67 68640
63 68640
64 70080
57 70080
64 70560
64 70800
57 71040
64 71040
65 71280
57 71520
60 71520
69 72000
50 72000
72 72960
57 73440
79 73920
59 73920
67 74400
76 74880
64 74880
64 75360
64 75840
66 75840
69 75840
59 76800
64 76800
68 76800
69 77760
71 78000
69 78240
73 78480
54 79680
66 80160
69 80160
66 80400
69 80400
64 80650
64 81600
69 81600
71 82080
56 82560
66 82560
64 82800
64 83040
83 83520
73 83760
76 84000
81 84236
78 84480
81 84480
73 84720
69 84960
64 85440
57 85440
62 85680
59 86160
62 86160
50 87120
54 87360
65 87840
59 88320
67 88320
73 89280
65 89280
68 89760
68 90240
71 90240
69 90480
69 90720
69 91200
67 92159
78 92160
64 93120
69 93120
71 93360
69 93600
73 93840
57 95040
64 95528
67 95759
69 96000
62 96000
69 96480
71 96960
69 97680
56 97920
64 97920
71 98400
61 99360
69 99360
76 100374
77 100587
71 100800
72 100867
71 101040
69 101280
62 101520
64 101760
62 102000
59 102240
69 102251
81 102600
83 102600
81 102720
83 102720
69 103560
81 103560
69 103680
81 103680
69 104640
59 105094
62 105360
57 105600
64 105600
62 105840
62 106080
71 106110
83 106112
81 106440
83 106440
81 106560
83 106560
52 106560
69 107400
81 107400
81 107520
69 107520
72 108455
52 108480
71 108704
69 108944
67 109195
69 109440
61 109680
57 110640
59 110880
62 111120
67 111360
69 111600
71 112080
70 112800
72 112920
74 113040
77 113172
79 113376
67 113904
65 114671
67 114935
60 115294
62 115376
55 115776
62 116016
67 116255
70 116255
69 116496
67 116736
65 116975
67 117216
69 117456
60 117696
65 117696
58 118176
53 118655
55 118736
53 119136
65 119615
67 119696
69 120803
53 120816
67 120936
51 121055
65 121055
55 122015
67 122015
70 122983
60 122985
65 123936
77 123936
62 124896
74 124896
52 125615
52 126094
53 127055
53 127534
55 128733
55 128813
57 128893
59 128974
62 129677
67 129915
65 130155
64 130404
65 130635
71 130872
72 131072
76 131352
79 131599
72 131831
