Name: Baka Mitai
Speed: 1
64 0
65 120
67 240
69 360
65 480
67 600
69 720
71 840
67 960
69 1080
71 1200
72 1320
74 1440
76 1560
77 1680
79 1800
81 1920
64 2400
65 2640
76 3120
64 4080
69 4320
72 4560
76 4800
74 5040
83 5040
72 5280
81 5280
71 5520
79 5520
81 5760
74 5760
83 6000
79 6240
72 6720
71 6960
72 7320
83 7680
67 7680
65 9386
72 9528
79 9600
69 10560
81 10560
72 11520
79 12480
76 13440
69 13440
62 13920
50 13920
62 14400
50 14400
64 15358
52 15358
64 15839
52 15839
60 16800
62 17040
64 17280
65 17520
64 17760
52 17760
55 18240
52 18720
59 19200
60 19440
64 19680
55 19680
67 20160
64 20640
64 21120
62 21360
62 21600
52 21600
55 22080
64 22560
62 22720
60 22880
62 23040
52 23520
55 23997
60 24480
59 24720
60 24960
53 25920
57 26400
59 26880
69 27360
50 27360
67 27840
59 27840
59 28320
62 28800
64 29040
64 29280
57 29760
59 30000
60 30240
62 30480
59 30720
64 30720
59 31200
67 31200
67 31680
59 31680
62 32160
64 32400
60 32640
53 33600
69 35040
50 35040
71 35520
55 35520
69 36000
59 36480
62 36480
67 36480
55 36960
59 36960
62 36960
52 37920
55 37920
60 37920
71 38876
69 38956
67 39120
69 39360
60 39840
62 40080
64 40320
65 40560
64 40800
48 41280
57 41760
57 42239
60 42240
52 42720
59 43200
52 43200
59 44160
64 44160
69 44160
57 44400
57 44640
60 46080
64 46080
69 46080
67 48000
81 48000
48 48000
69 48240
81 48240
48 48240
69 48480
81 48480
48 48480
69 48720
81 48720
48 48720
69 48960
81 48960
48 48960
57 49440
60 49440
57 49680
60 49680
48 49680
48 50640
60 50880
53 50880
69 51360
59 51840
62 51840
67 51840
59 52800
62 52800
67 52800
52 52800
64 53280
57 53520
60 53520
67 53520
64 54000
67 54240
71 54480
72 54720
67 54960
64 55200
65 55680
77 55680
50 55680
65 55920
77 55920
50 55920
65 56160
77 56160
50 56160
65 56400
77 56400
50 56400
65 56640
77 56640
50 56640
57 57120
57 57358
59 57360
57 58559
60 58560
62 59040
64 59520
57 59520
60 59520
65 59760
64 60000
62 60480
71 60480
57 60480
64 60960
72 60960
64 61440
72 61440
76 61440
69 61920
72 61920
81 61920
71 62400
74 62400
83 62400
72 62880
76 62880
53 63360
57 63360
55 63840
59 63840
53 63840
57 64080
60 64080
69 64800
59 65040
62 65040
67 65040
60 65760
59 66240
57 66720
59 67200
62 67200
69 67200
67 68160
59 68171
59 68640
67 68640
62 68644
64 70080
64 70560
64 70800
57 71040
60 71040
64 71040
65 71280
57 71520
60 71520
69 72000
72 72960
57 73440
79 73920
59 73920
67 74400
83 74879
64 74879
76 74880
64 75359
60 75832
65 75850
69 75882
64 76789
59 76793
67 77755
72 77759
69 77996
74 77999
67 78236
72 78239
76 78479
57 79679
69 80159
72 80159
69 80399
72 80399
62 80639
67 80639
71 80639
62 81598
67 81598
72 81598
74 82079
59 82559
62 82559
69 82559
67 82795
67 83018
48 83273
76 83514
79 83514
52 83514
69 83754
72 83994
48 83994
76 84234
74 84474
77 84474
69 84715
65 84954
50 85184
62 85420
55 85425
60 85670
59 85900
60 86140
57 86145
52 86145
50 87090
52 87327
60 87813
62 88054
60 88293
64 88293
55 88294
48 88772
50 89014
59 89252
69 89254
64 89734
52 89734
67 90214
64 90214
57 90214
62 90454
65 90454
62 90694
57 90694
65 90694
48 90933
62 91175
65 91175
53 91175
64 92145
74 92145
48 92865
60 93113
62 93113
65 93113
53 93113
64 93353
67 93353
62 93594
65 93594
62 93833
65 93833
69 93833
48 94551
50 94793
53 95033
62 95513
64 95753
59 95992
65 95993
48 96471
65 96473
50 96712
53 96949
67 96953
65 97672
52 97913
55 97913
60 97913
57 98393
60 98393
67 98393
65 99360
60 99360
57 99360
48 99840
60 100320
62 100560
57 100810
59 100877
57 101041
59 101281
55 101281
60 101522
62 101761
60 101999
57 102237
65 102238
60 102239
76 102601
83 102601
76 102721
83 102721
71 103562
76 103562
79 103562
71 103681
76 103681
79 103681
55 104641
59 105121
60 105361
62 105600
50 105679
52 105758
55 105837
60 105841
57 106081
60 106081
69 106081
76 106441
83 106441
76 106561
83 106561
71 107401
76 107401
79 107401
71 107521
76 107521
79 107521
67 108480
65 108720
64 108951
48 108959
65 109200
55 109440
48 109440
57 109502
57 110429
59 110667
62 110907
67 111148
69 111387
71 111867
71 112586
72 112707
74 112828
76 112970
77 113090
79 113211
69 113785
67 114591
69 114910
62 115230
64 115307
57 115711
64 115951
72 116190
69 116190
71 116431
69 116671
67 116910
69 117150
71 117391
62 117631
67 117631
60 118111
55 118590
57 118667
55 119071
67 119550
69 119626
71 120750
55 120751
69 120871
67 120990
53 120990
57 121950
69 121950
60 122911
72 122911
67 123871
79 123871
64 124831
76 124831
50 125245
50 125725
52 126651
52 127130
53 128372
53 128448
55 128529
57 128607
60 129331
67 129571
65 129811
64 130051
65 130292
69 130531
72 130771
76 131011
77 131251
72 131491
