Name: Three Stars (By Sebastian Skaf, Arr. by Esrid Dersi)
Speed: 0.5
55 27600
57 27840
64 28320
65 28800
64 29040
62 29280
50 29280
69 29520
65 29520
53 29520
64 29760
67 29760
69 30000
48 30000
71 30240
67 30240
52 30240
64 30480
71 30720
64 30720
60 30720
52 30960
69 31200
57 31200
71 31440
59 31440
72 31680
69 31680
64 31680
60 31680
59 31920
64 32160
55 32160
52 32400
65 32640
64 32880
62 33120
53 33120
60 33360
59 33600
50 34080
60 34320
53 34560
60 34560
