Name: Il Vento Doro Golden Wind (Yugo Kanno, Arr. by Winthos)
Speed: 1
59 0
48 0
59 240
59 480
57 600
59 840
62 1080
59 1320
53 1559
57 1680
59 1920
59 2160
59 2400
57 2520
59 2760
65 3000
64 3240
62 3480
57 3600
48 3839
59 3840
59 4080
59 4320
57 4440
59 4680
62 4920
59 5160
53 5400
57 5520
48 5759
59 5760
59 6000
59 6240
57 6360
59 6480
62 6600
48 6719
65 6840
64 7080
62 7320
57 7440
71 7668
59 7680
71 7911
59 7920
71 8154
59 8160
69 8262
57 8280
71 8505
59 8520
74 8748
62 8760
71 8991
59 9000
65 9234
53 9239
69 9342
57 9360
71 9585
59 9600
71 9828
59 9840
71 10071
59 10080
69 10181
57 10200
71 10422
59 10440
76 10665
64 10680
77 10721
65 10740
76 10908
64 10920
74 11151
62 11160
69 11261
57 11280
71 11502
59 11520
71 11745
59 11760
71 11988
59 12000
69 12101
57 12120
71 12341
59 12360
74 12582
62 12600
71 12825
59 12840
65 13068
53 13079
69 13181
57 13200
71 13421
59 13440
71 13662
59 13680
71 13905
59 13920
69 14148
57 14160
71 14261
59 14280
53 14879
71 14880
74 14880
83 14880
59 14880
59 15360
71 15600
59 15600
59 15840
69 15960
57 15960
59 16200
71 16320
62 16440
59 16680
53 16919
57 17040
59 17280
71 17520
59 17520
71 17760
59 17760
69 17880
57 17880
71 18120
59 18120
76 18360
65 18360
64 18600
62 18840
69 18960
57 18960
59 19200
71 19440
59 19440
71 19680
59 19680
71 19800
57 19800
71 19920
71 20040
59 20040
71 20280
62 20280
71 20520
59 20520
53 20759
69 20760
71 20880
57 20880
59 21120
83 21360
59 21360
83 21600
59 21600
83 21720
57 21720
59 21840
83 21960
62 21960
83 22200
65 22200
83 22440
64 22440
71 22560
74 22560
83 22560
62 22680
57 22800
59 23040
71 23280
74 23280
83 23280
59 23280
71 23520
74 23520
83 23520
59 23520
57 23640
59 23880
62 24120
71 24240
74 24240
83 24240
59 24360
74 24480
53 24599
71 24640
57 24720
71 24800
71 24960
59 24960
59 25200
71 25320
59 25440
57 25560
71 25680
59 25800
71 26040
65 26040
64 26280
71 26400
62 26520
74 26640
57 26640
76 26760
59 26880
62 27120
71 27120
59 27120
59 27360
57 27480
59 27720
74 27840
83 27840
62 27960
59 28200
53 28439
62 28560
71 28560
57 28560
71 28800
83 28800
59 28800
71 29040
83 29040
59 29040
71 29280
83 29280
59 29280
69 29520
81 29520
57 29520
71 29640
83 29640
59 29640
59 30240
59 30356
60 30479
62 30599
62 30699
69 30699
48 30734
50 30942
48 31185
48 31320
50 31542
48 31784
62 31914
50 32022
65 32157
48 32157
72 32400
50 32400
65 32619
62 32619
71 32619
52 32622
50 32863
48 33104
50 33237
48 33480
48 33705
69 33831
48 33945
48 34074
50 34184
67 34317
50 34317
48 34548
65 34560
57 34560
62 34560
69 34560
50 34756
48 34999
48 35134
50 35356
48 35598
50 35836
48 35971
50 36214
52 36436
62 36477
50 36677
62 36828
48 36918
50 37051
62 37179
48 37294
48 37519
62 37557
48 37759
48 37888
62 37908
50 37998
64 38019
50 38131
65 38151
67 38259
48 38355
62 38394
69 38394
50 38563
48 38806
48 38941
50 39163
48 39405
62 39582
50 39643
48 39778
65 39825
50 40021
72 40068
52 40243
67 40311
71 40311
50 40484
48 40725
50 40858
72 41040
69 41040
48 41101
48 41326
48 41566
48 41695
71 41742
74 41742
50 41805
50 41938
48 42216
62 42228
71 42228
50 42424
65 42579
69 42579
48 42667
48 42802
50 43024
48 43266
50 43504
48 43639
50 43882
52 44104
50 44345
48 44586
50 44719
48 44962
48 45187
48 45427
48 45556
62 45579
50 45666
64 45711
50 45799
65 45819
67 45954
69 46062
81 46062
48 46077
50 46285
48 46528
48 46663
50 46885
48 47127
62 47277
69 47277
74 47277
50 47365
48 47500
65 47520
74 47520
72 47739
50 47743
52 47965
71 47979
74 48033
50 48206
48 48447
50 48580
48 48823
48 49048
69 49194
81 49194
48 49288
48 49417
50 49527
50 49660
67 49680
79 49680
69 49899
74 49899
81 49899
48 49938
50 50146
48 50389
48 50524
50 50746
48 50988
50 51226
48 51361
50 51604
52 51826
62 51840
50 52067
62 52191
48 52308
50 52441
62 52542
48 52684
48 52909
62 52920
48 53149
62 53271
48 53278
64 53379
50 53388
65 53514
50 53521
67 53622
69 53757
81 53757
48 53772
50 53980
48 54223
48 54358
50 54580
48 54822
62 54945
69 54945
74 54945
50 55060
65 55188
74 55188
48 55195
72 55431
50 55438
52 55660
74 55674
50 55901
48 56142
50 56275
72 56379
76 56379
48 56518
48 56743
48 56983
71 57105
74 57105
81 57105
48 57112
50 57222
50 57355
48 57552
69 57591
74 57645
50 57760
81 57780
48 58003
48 58138
50 58360
48 58602
50 58840
48 58975
50 59218
52 59440
50 59681
48 59922
50 60055
50 60480
62 60480
65 60953
64 61074
62 61192
60 61432
50 61673
62 61793
62 62154
50 62397
57 62640
60 62873
50 62873
62 63113
64 63352
50 63592
60 63720
62 64073
50 64314
65 64800
50 64800
64 64913
62 65033
48 65270
60 65273
62 65637
50 65637
50 65880
62 65993
50 65993
48 66231
57 66474
50 66592
64 66717
50 66832
65 66960
50 66960
64 67193
60 67554
55 67912
50 68153
65 68634
50 68634
57 68634
62 68634
64 68752
62 68877
60 69120
72 69120
50 69353
62 69473
74 69473
62 69832
74 69832
50 70072
57 70313
69 70313
60 70553
72 70553
50 70553
62 70794
74 70794
64 71037
76 71037
50 71037
57 71391
60 71393
72 71393
55 71632
53 71751
62 71753
74 71753
50 71991
57 72360
65 72473
77 72473
55 72592
64 72593
76 72593
53 72712
62 72713
74 72713
62 72954
74 72954
50 72954
65 73116
77 73116
53 73116
69 73278
81 73278
57 73278
67 73440
79 73440
55 73440
53 73592
65 73593
77 73593
50 73752
62 73753
74 73753
83 73911
60 73911
72 73913
59 74071
71 74072
83 74072
57 74231
69 74232
81 74232
53 74391
65 74392
77 74392
52 74552
64 74553
76 74553
62 74713
74 74713
67 74871
57 74979
55 75222
57 75357
55 75600
57 75708
55 75951
57 76059
57 76302
59 76437
60 76545
62 76680
64 76788
60 76788
57 76788
60 77517
57 77517
60 78462
62 78597
64 78705
59 78716
62 79056
60 79434
55 79677
59 79677
50 79677
60 80028
62 80379
64 80622
60 80622
57 80622
64 81108
69 81351
60 81351
57 82080
59 82296
60 82539
57 82539
62 82917
60 83268
55 83511
59 83511
50 83511
67 83862
65 84240
64 84456
60 84456
57 84456
50 84699
50 84942
48 85077
60 85185
57 85185
50 85320
53 85536
50 85779
48 86022
60 86157
48 86157
62 86265
64 86375
57 86400
50 86400
50 86616
62 86751
50 86859
48 86994
60 87102
50 87102
53 87237
55 87345
59 87345
50 87345
57 87480
60 87696
55 87696
53 87939
62 88074
48 88074
64 88317
60 88317
57 88317
55 88322
64 88776
69 89019
60 89019
52 89042
69 89748
71 89991
72 90234
69 90234
65 90585
64 90936
62 91179
72 91557
69 91908
57 92151
57 92157
60 92220
64 92286
69 92348
57 92394
57 92637
57 92760
59 92997
50 93237
62 93237
59 93477
53 93717
57 93836
59 94077
59 94317
59 94557
57 94677
59 94916
53 95157
65 95157
52 95397
64 95397
50 95637
62 95637
57 95757
59 95996
59 96237
59 96477
57 96597
59 96837
50 97076
62 97076
59 97317
53 97555
57 97677
59 97917
59 98156
59 98397
57 98517
59 98637
50 98757
62 98757
53 98997
65 98997
52 99236
64 99236
50 99477
62 99477
57 99597
71 99837
83 99837
59 99837
71 100077
83 100077
59 100077
71 100316
83 100316
59 100316
69 100440
81 100440
57 100440
71 100677
83 100677
59 100677
74 100917
50 100917
62 100917
71 101157
83 101157
59 101157
53 101394
65 101395
69 101520
81 101520
57 101520
71 101757
83 101757
59 101757
71 101997
83 101997
59 101997
71 102237
83 102237
59 102237
69 102357
81 102357
57 102357
71 102600
83 102600
59 102600
77 102837
53 102837
65 102837
76 103077
52 103077
64 103077
74 103317
50 103317
62 103317
69 103437
81 103437
57 103437
71 103680
83 103680
59 103680
71 103917
83 103917
59 103917
71 104157
83 104157
59 104157
69 104277
81 104277
57 104277
71 104517
83 104517
59 104517
74 104760
50 104760
62 104760
71 104997
83 104997
59 104997
53 105235
65 105236
69 105357
81 105357
57 105357
71 105597
74 105597
83 105597
59 105597
71 105840
74 105840
83 105840
59 105840
71 106077
74 106077
83 106077
59 106077
69 106317
76 106317
81 106317
57 106317
71 106437
74 106437
83 106437
59 106437
71 106557
83 106557
59 106557
