Name: Zhongli 'Rex Incognito" (Arr. by ChaconneScott_ACG on Piano)
Speed: 1
74 0
57 0
64 480
76 960
69 960
79 1920
57 1920
64 2400
67 2880
74 3360
76 3840
57 3840
62 4320
64 4560
81 4800
69 4800
79 5760
57 5760
81 6480
62 6480
79 6600
64 6600
76 6720
72 7200
74 7680
53 7680
60 8160
62 8400
76 8640
67 8640
69 9600
53 9600
60 10080
62 10320
67 10560
76 11040
67 11040
62 11280
74 11520
55 11520
76 12000
62 12000
64 12240
79 12480
69 12480
76 13440
55 13440
79 14160
76 14280
74 14400
67 14400
72 14880
74 15360
57 15360
62 15840
64 16080
76 16320
67 16320
57 17040
79 17280
57 17280
67 17760
62 18000
67 18240
62 18480
74 18720
64 18720
76 19200
57 19200
62 19680
64 19800
67 19920
81 20160
57 20880
79 21120
57 21120
81 21840
79 21960
76 22080
72 22560
74 23040
53 23040
65 23280
60 23520
62 23760
76 24000
67 24000
62 24480
69 24960
53 24960
65 25200
60 25440
62 25680
74 25920
67 25920
76 26400
69 26400
67 26640
74 26880
55 26880
76 27360
55 27360
79 27840
55 27840
57 28320
60 28399
62 28478
64 28560
69 28639
72 28718
76 28800
55 29280
79 29760
55 29760
81 30000
55 30240
79 30480
81 30720
57 30720
57 31200
57 31680
76 32160
57 32160
74 32640
57 32640
76 33000
74 33060
72 33120
57 33120
69 33360
67 33600
57 33600
69 33840
57 34080
76 34320
74 34560
53 34560
76 34920
74 34980
72 35040
53 35040
69 35280
67 35520
53 35520
69 35760
53 36000
72 36240
74 36480
55 36480
74 36720
55 36720
74 37200
55 37200
74 37440
55 37440
76 37680
57 37680
60 37759
74 37800
62 37838
72 37920
67 37920
62 38040
69 38160
60 38160
55 38280
72 38400
57 38400
64 38640
69 38880
62 39120
81 39360
64 39360
69 39600
76 39840
62 40080
74 40320
64 40320
57 40560
76 40680
74 40740
72 40800
69 41040
62 41040
67 41280
64 41280
69 41520
69 41520
76 42000
64 42000
74 42240
53 42240
60 42480
76 42600
74 42660
72 42720
65 42720
69 42960
60 42960
67 43200
65 43200
69 43440
60 43680
72 43920
74 44160
55 44160
55 44400
74 44520
74 44880
55 44880
74 45120
55 45120
76 45360
55 45360
74 45480
69 45600
67 45840
69 46080
69 46080
64 47040
57 47040
67 48000
69 48960
53 49920
76 50880
79 51840
74 52800
81 52800
69 53760
55 53760
62 54480
64 54600
69 54720
76 54720
74 55680
79 55680
81 56640
74 57600
52 57600
55 58320
57 58440
76 58560
62 58560
79 59520
59 59520
81 60480
57 61440
69 61440
