Name: Shop (Toby Fox, Arr. SparklingJupiter, Simple ver)
Speed: 0.7
79 0
53 0
57 235
64 235
67 715
64 715
72 836
74 955
52 955
76 1195
62 1195
74 1435
76 1495
74 1555
72 1675
62 1675
71 1915
50 1915
59 2155
72 2395
74 2635
60 2635
67 2875
48 2875
59 3116
62 3355
60 3595
79 3835
53 3835
64 4075
67 4560
64 4560
72 4675
74 4795
52 4795
76 5035
62 5035
74 5275
76 5335
74 5396
72 5515
62 5515
71 5755
50 5755
59 5995
72 6235
74 6475
60 6475
72 6715
48 6715
64 6955
71 7195
64 7435
69 7435
79 7676
53 7676
64 7915
67 8395
60 8395
72 8515
74 8635
52 8635
76 8875
62 8875
74 9115
76 9175
74 9235
72 9355
62 9355
71 9595
50 9595
59 9835
72 10075
74 10315
60 10315
67 10555
48 10555
59 10795
62 11035
60 11275
79 11515
53 11515
64 11755
67 12235
64 12235
72 12355
74 12475
52 12475
76 12715
62 12715
74 12955
76 13015
74 13075
72 13195
62 13195
71 13435
50 13435
59 13675
72 13915
74 14155
60 14155
72 14395
48 14395
64 14635
71 14875
69 15115
53 15355
67 15595
64 15595
67 15835
67 16075
64 16075
67 16315
53 16315
65 16555
64 16555
64 16796
65 17035
64 17035
67 17275
53 17275
62 17515
71 17755
62 17995
67 18240
53 18240
62 18475
62 18955
52 19195
67 19435
62 19435
67 19675
67 19915
62 19915
67 20155
52 20155
65 20395
62 20395
64 20635
65 20875
62 20875
64 21115
67 21115
52 21115
60 21356
60 21834
52 22075
60 22314
69 22800
60 22800
74 22915
65 23035
50 23035
76 23275
53 23275
60 23275
76 23515
76 23755
53 23755
60 23755
76 23995
50 23995
74 24235
53 24235
60 24235
72 24475
69 24715
53 24715
60 24715
52 24955
71 25195
76 25195
62 25195
71 25435
76 25435
71 25675
76 25675
62 25675
71 25916
76 25916
52 25916
69 26155
74 26155
62 26155
71 26395
76 26395
74 26635
79 26635
62 26635
76 26875
81 26875
53 26875
64 27115
64 27595
53 27835
76 28315
72 28555
67 28780
74 28795
59 29032
62 29260
67 29500
71 29740
69 30220
59 30220
